LSB_Index,Domain,Signal_Name,Bit_Width,Decimal_Value,Bits,Comment
591,LO_MID_TX,LO_MID_TX_IB_QH_GM_BOT_L_BOT,6,8,001000, 0-31mA, 8-39mA, 15-43mA, 31-50mA
585,LO_MID_TX,LO_MID_TX_IB_QH_GM_BOT_L_TOP,6,8,001000, 0-31mA, no change in current, there's no load
579,LO_MID_TX,LO_MID_TX_IB_THIRD_SPLIT_GM_BOT_L,6,8,001000, 0-31mA, 8-34mA, 15-36mA, 31-40mA
573,LO_MID_TX,LO_MID_TX_IB_DOUBLER_BOT_L,6,8,001000, 0-31mA, 8-32mA, 15-33mA, 31-34mA
567,LO_MID_TX,LO_MID_TX_IB_DOUBLER_PREDRIVER_BOT_L,6,8,001000, 0-31mA, 8-39mA, 15-43mA, 31-51mA
561,LO_IQ_RX,LO_IQ_RX_IB_BUF3_Q_GM_RX0,6,8,001000, 0-31mA, 8-33mA, 15-35mA, 31-37mA
555,LO_IQ_RX,LO_IQ_RX_IB_BUF3_I_GM_RX0,6,8,001000, 0-31mA, 8-33mA, 15-35mA, 31-37mA
549,LO_IQ_RX,LO_IQ_RX_IB_BUF2_Q_GM_RX0,6,8,001000, 0-31mA, 8-33mA, 15-35mA, 31-37mA
543,LO_IQ_RX,LO_IQ_RX_IB_BUF2_I_GM_RX0,6,8,001000, 0-31mA, 8-33mA, 15-35mA, 31-37mA
537,LO_IQ_RX,LO_IQ_RX_IB_BUF1_Q_GM_RX0,6,8,001000, 0-31mA, 8-33mA, 15-35mA, 31-37mA
531,LO_IQ_RX,LO_IQ_RX_IB_BUF1_I_GM_RX0,6,8,001000, 0-31mA, 8-33mA, 15-35mA, 31-37mA
525,LO_IQ_TX,LO_IQ_TX_IB_BUF2_Q_GM_TX0,6,8,001000, 0-31mA, 8-33mA, 15-35mA, 31-37mA
519,LO_IQ_TX,LO_IQ_TX_IB_BUF2_I_GM_TX0,6,8,001000, 0-31mA, 8-33mA, 15-35mA, 31-37mA
513,LO_IQ_TX,LO_IQ_TX_IB_BUF1_Q_GM_TX0,6,8,001000, 0-31mA, 8-33mA, 15-35mA, 31-37mA
507,LO_IQ_TX,LO_IQ_TX_IB_BUF1_I_GM_TX0,6,8,001000, 0-31mA, 8-33mA, 15-35mA, 31-37mA
506,LO_FIRST,LO_FIRST_ILO_CS_BUF_EN,1,1,1, 0-6.3mA, 1-6.3mA
500,LO_FIRST,LO_FIRST_VCM_ILO_CS,6,32,100000, 0-6.3mA, 8-6.44mA, 16-6.68mA, 32-10.67mA
499,LO_FIRST,LO_FIRST_ILO_INJ_BUF_EN,1,1,1, 0-6.3mA, 1-6.3mA
493,LO_FIRST,LO_FIRST_VCM_ILO_INJ,6,4,000100, 0-6.3mA, 4-6.43mA, 8-6.49mA
487,LO_FIRST,LO_FIRST_IB_SECOND_SPLIT_RX_GM,6,4,000100, 0-6.3mA, no change in current, tied to vdd
481,LO_FIRST,LO_FIRST_IB_SECOND_SPLIT_TX_GM,6,4,000100, 0-6.3mA, no change in current, tied to vdd
475,LO_FIRST,LO_FIRST_IB_FIRST_SPLIT_GM,6,16,010000, 0-6.3mA, no change in current, tied to vdd
469,LO_FIRST,LO_FIRST_IB_ILO_DRIVER,6,16,010000, 0-6.3mA, 8-9.5mA, 16-11.9mA, 31-15.9mA
468,LO_SECOND,LO_SECOND_ILO_CS_BUF_EN,1,1,1, 0-31mA, 1-39mA
462,LO_SECOND,LO_SECOND_VCM_ILO_CS,6,32,100000, 0-31mA, 8-32mA, 15-33mA, 32-35mA
461,LO_SECOND,LO_SECOND_ILO_INJ_BUF_EN,1,1,1, 0-31mA, 1-38mA
455,LO_SECOND,LO_SECOND_VCM_ILO_INJ,6,4,000100, 0-49mA, 4-50mA, 8-51mA, 15-52mA, 31-53mA (with CS_BUF and INJ_BUF both on and VCM_ILO_CS set to 32)
449,LO_SECOND,LO_SECOND_IB_SECOND_SPLIT_RX_GM,6,4,000100, 0-6.3mA, no change in current, tied to VDD
443,LO_SECOND,LO_SECOND_IB_SECOND_SPLIT_TX_GM,6,4,000100, 0-6.3mA, no change in current, tied to VDD
437,LO_SECOND,LO_SECOND_IB_FIRST_SPLIT_GM,6,16,010000, 0-6.3mA, 8-20.98mA, 16-31mA, 32-39mA
431,LO_SECOND,LO_SECOND_IB_ILO_DRIVER,6,16,010000, 0-6.3mA, 8-9.5mA, 16-11.98mA, 31-15.87mA
425,LO_MID_RX,LO_MID_RX_IB_QH_GM_TOP_L_BOT,6,8,001000,
419,LO_MID_RX,LO_MID_RX_IB_QH_GM_TOP_L_TOP,6,8,001000,
413,LO_MID_RX,LO_MID_RX_IB_THIRD_SPLIT_GM_TOP_L,6,8,001000,
407,LO_MID_RX,LO_MID_RX_IB_DOUBLER_TOP_L,6,8,001000,
401,LO_MID_RX,LO_MID_RX_IB_DOUBLER_PREDRIVER_TOP_L,6,8,001000,
399,IREF,IREF,2,0,00,
393,LO_IQ_VM,LO_IQ_VM_IB_BUF2_Q_GM_TX1,6,8,001000, 0-31mA, 8-33mA, 15-34mA, 31-37mA
387,LO_IQ_VM,LO_IQ_VM_IB_BUF2_I_GM_TX1,6,8,001000, 0-31mA, 8-33mA, 15-34mA, 31-37mA
381,LO_IQ_VM,LO_IQ_VM_IB_BUF1_Q_GM_TX1,6,8,001000, 0-31mA, 8-33mA, 15-34mA, 31-37mA
375,LO_IQ_VM,LO_IQ_VM_IB_BUF1_I_GM_TX1,6,8,001000, 0-31mA, 8-33mA, 15-34mA, 31-37mA
369,VM,VM_IB_CMIN_CTRL_I,6,1,000001,  0:15.281mA~15.346mA, 1:14.887mA~14.953mA, 15:15.018mA~15.084mA, 31:15.149mA~15.215mA, 63:15.412mA~15.477mA
363,VM,VM_IB_AMP2_CTRL_I,6,29,011101, 0:15.149mA~15.215mA, 1:15.346mA~15.412mA, 7:15.477mA~15.543mA, 15:15.543mA~15.608mA, 31:15.674~15.739mA
357,VM,VM_IB_VCM_REF_CTRL_I,6,25,011001,
351,VM,VM_IB_PA_S1_CTRL_I,6,0,000000,
345,VM,VM_IB_PA_S2_CTRL_I,6,0,000000,
339,VM,VM_IB_PA_S3_CTRL_I,6,0,000000,
337,VM,VM_IB_CMFB_EN_IE,2,2,10,
334,VM,VM_IDCOC_EN_IE,3,1,001,
333,VM,VM_CMFB_EN_IE,1,1,1,
332,VM,VM_DCOC_SN_IE,1,0,0,
331,VM,VM_DCOC_SP_IE,1,1,1,
299,VM,VM_TX_VOLT_CTRL_IE,32,2077787391,01111011110110001000010011111111,
267,VM,VM_TX_VOLT_CTRL_QE,32,4280359902,11111111001000010001101111011110,
266,VM,VM_DCOC_SP_QE,1,0,0,
265,VM,VM_DCOC_SN_QE,1,0,0,
264,VM,VM_CMFB_EN_QE,1,1,1,
261,VM,VM_IDCOC_EN_QE,3,4,100,
259,VM,VM_IB_CMFB_EN_QE,2,2,10,
253,VM,VM_IB_VCM_REF_CTRL_Q,6,38,100110,
247,VM,VM_IB_AMP2_CTRL_Q,6,46,101110, 0:15.281mA~15.346mA, 7:15.477mA~15.543mA, 15:15.543mA~15.608mA, 31: 15.739~15.805mA
241,VM,VM_IB_CMIN_CTRL_Q,6,32,100000,
234,VM,VM_DCOC_CTRL_I,7,2,0000010,
227,VM,VM_DCOC_CTRL_Q,7,1,0000001,
224,RX,RX_VB_GC3_0,3,4,100,
219,RX,RX_VB_GC2_0,5,4,00100,
214,RX,RX_VB_GC1_0,5,4,00100,
210,RX,RX_IB_RFAMP_I_0,4,4,0100, 0-31mA,4-37mA,15-43mA
206,RX,RX_IB_RFAMP_Q_0,4,4,0100, 0-31mA,4-37mA,15-42mA
200,RX,RX_VB_MIXER_Q_0,6,4,000100,
194,RX,RX_VB_FC_Q_0,6,4,000100,
193,RX,RX_VB_GC3_MSB1_0,1,0,0,
188,RX,RX_VB_GC4_Q_0,5,4,00100,
182,RX,RX_IB_BBAMP_0,6,4,000100,0-31mA,4-42mA,>=15-54mA
178,RX,RX_IB_RFAMP1_0,4,4,0100, 0-31mA,4-34mA,15-39mA
174,RX,RX_IB_RFAMP2_0,4,4,0100, 0-31mA,4-35mA,15-40mA
173,RX,RX_VB_GC3_MSB0_0,1,0,0,
168,RX,RX_VB_GC4_I_0,5,4,00100,
162,RX,RX_VB_FC_I_0,6,4,000100,
156,RX,RX_VB_MIXER_I_0,6,4,000100,
152,RX,RX_IB_CS_0,4,4,0100,0-31mA, 4-33mA, 15-36mA
148,RX,RX_IB_CG_0,4,4,0100,0-31mA, 4-32mA, 15-36mA
142,TX,TX_IB_CMIN_CTRL_I,6,1,000001,
136,TX,TX_IB_AMP2_CTRL_I,6,29,011101,
130,TX,TX_IB_VCM_REF_CTRL_I,6,25,011001,
124,TX,TX_IB_PA_S1_CTRL_I,6,32,100000,
118,TX,TX_IB_PA_S2_CTRL_I,6,20,010100,
112,TX,TX_IB_PA_S3_CTRL_I,6,20,010100,
110,TX,TX_IB_CMFB_EN_IE,2,2,10,
107,TX,TX_IDCOC_EN_IE,3,1,001,
106,TX,TX_CMFB_EN_IE,1,1,1,
105,TX,TX_DCOC_SN_IE,1,0,0,
104,TX,TX_DCOC_SP_IE,1,1,1,
72,TX,TX_TX_VOLT_CTRL_IE,32,2077787391,01111011110110001000010011111111,
40,TX,TX_TX_VOLT_CTRL_QE,32,4280359902,11111111001000010001101111011110,
39,TX,TX_DCOC_SP_QE,1,0,0,
38,TX,TX_DCOC_SN_QE,1,0,0,
37,TX,TX_CMFB_EN_QE,1,1,1,
34,TX,TX_IDCOC_EN_QE,3,4,100,
32,TX,TX_IB_CMFB_EN_QE,2,2,10,
26,TX,TX_IB_VCM_REF_CTRL_Q,6,38,100110,
20,TX,TX_IB_AMP2_CTRL_Q,6,46,101110,
14,TX,TX_IB_CMIN_CTRL_Q,6,32,100000,
7,TX,TX_DCOC_CTRL_I,7,2,0000010,
0,TX,TX_DCOC_CTRL_Q,7,1,0000001,
